    0    19406.802  12363.496 -13744.201   -0.08 139.43
  900    17749.256  12294.751 -15872.210   -0.07 136.15
 1800    15870.313  12305.841 -17729.900   -0.06 131.86
 2700    13797.758  12423.557 -19293.671   -0.05 126.36
 3600    11576.283  12664.324 -20535.245   -0.04 119.41
 4500     9252.252  13048.098 -21428.414   -0.03 110.90
 5400     6870.606  13577.926 -21960.146   -0.03 100.94
 6300     4481.826  14249.213 -22120.658   -0.02  90.09
 7200     2133.593  15047.883 -21908.385   -0.02  79.22
 8100     -130.936  15961.554 -21321.446   -0.01  69.22
 9000    -2266.013  16960.399 -20370.551   -0.00  60.66
 9900    -4240.604  18009.202 -19072.313    0.01  53.67
10800    -6017.330  19072.926 -17446.780    0.02  48.12
11700    -7582.835  20109.839 -15517.614    0.04  43.81
12600    -8914.890  21073.712 -13322.870    0.07  40.50
13500   -10010.032  21924.437 -10892.368    0.13  38.01
14400   -10872.921  22612.459  -8278.531    0.39  36.20
15300   -11517.968  23101.473  -5515.108  179.09  34.98
16200   -11957.544  23357.039  -2656.102  179.74  34.27
17100   -12221.897  23348.551    248.387  179.83  34.05
18000   -12345.431  23053.109   3150.682  179.87  34.30
18900   -12362.389  22459.241   5994.181  179.88  35.04
19800   -12313.241  21561.172   8734.078  179.89  36.32
20700   -12232.603  20366.523  11321.699  179.90  38.22
21600   -12165.041  18890.929  13704.366  179.90  40.84
22500   -12145.157  17153.221  15849.373  179.90  44.36
23400   -12209.340  15190.786  17708.929  179.90  48.97
24300   -12377.753  13038.873  19259.190  179.90  54.92
25200   -12671.764  10742.636  20470.959  179.89  62.43
26100   -13106.269   8352.831  21320.790  179.89  71.58
27000   -13686.456   5919.823  21794.529  179.88  82.11
27900   -14402.508   3492.318  21888.854  179.87  93.30
28800   -15242.654   1122.026  21602.202  179.85 104.15
29700   -16189.517  -1146.278  20938.737  179.83 113.83
30600   -17214.899  -3271.463  19910.931  179.81 121.92
31500   -18282.793  -5214.890  18540.067  179.77 128.41
32400   -19355.748  -6949.422  16850.649  179.71 133.49
33300   -20394.705  -8456.104  14869.561  179.62 137.42
34200   -21350.894  -9725.662  12638.081  179.46 140.40
35100   -22188.882 -10750.422  10187.648  179.06 142.62
36000   -22861.300 -11543.064   7566.637  176.82 144.21
36900   -23335.617 -12111.539   4815.898    2.57 145.26
37800   -23577.851 -12478.559   1987.079    0.96 145.82
38700   -23560.758 -12675.552   -878.174    0.61 145.94
39600   -23264.049 -12736.693  -3727.485    0.46 145.60
40500   -22677.481 -12694.799  -6518.332    0.38 144.80
41400   -21799.929 -12591.266  -9192.790    0.33 143.50
42300   -20634.055 -12461.996 -11720.507    0.30 141.61
43200   -19195.274 -12351.550 -14048.047    0.28 139.04
44100   -17508.776 -12291.682 -16138.037    0.26 135.63
45000   -15597.723 -12313.918 -17962.602    0.25 131.19
45900   -13503.796 -12447.858 -19482.472    0.25 125.50
46800   -11264.924 -12710.312 -20676.455    0.25 118.35
47700    -8932.004 -13113.482 -21520.723    0.26 109.62
48600    -6544.551 -13659.528 -22005.242    0.27  99.50
49500    -4160.431 -14348.332 -22115.159    0.29  88.59
50400    -1819.380 -15167.699 -21849.449    0.31  77.79
51300      429.796 -16091.304 -21214.757    0.34  67.97
52200     2543.548 -17100.946 -20214.307    0.38  59.62
53100     4492.451 -18153.158 -18871.279    0.44  52.84
54000     6243.710 -19216.170 -17201.949    0.53  47.47
54900     7775.535 -20245.403 -15236.375    0.68  43.30
55800     9076.835 -21198.280 -13004.156    0.94  40.11
56700    10140.792 -22027.412 -10549.054    1.53  37.73
57600    10974.405 -22691.544  -7908.753    4.18  36.00
58500    11588.193 -23151.183  -5130.944  173.95  34.85
59400    12001.659 -23372.773  -2261.721  178.19  34.22
60300    12246.206 -23325.589    643.855  178.91  34.06
61200    12352.950 -22989.964   3542.577  179.20  34.37
62100    12360.452 -22354.026   6373.508  179.36  35.19
63000    12300.406 -21417.008   9096.862  179.45  36.54
63900    12222.904 -20182.418  11656.308  179.51  38.53
64800    12159.627 -18667.074  14013.018  179.55  41.27
65700    12149.127 -16901.078  16116.388  179.58  44.92
66600    12223.747 -14907.942  17939.933  179.59  49.69
67500    12409.197 -12733.952  19444.715  179.60  55.84
68400    12723.593 -10425.272  20605.554  179.60  63.58
69300    13176.796  -8024.225  21406.879  179.59  72.94
70200    13774.050  -5587.463  21830.989  179.58  83.61
71100    14510.947  -3166.553  21871.103  179.55  94.81
72000    15366.675   -805.335  21533.075  179.52 105.55
72900    16325.371   1445.513  20819.533  179.47 115.03
73800    17357.985   3544.143  19744.927  179.41 122.89
74700    18428.488   5462.266  18329.482  179.31 129.18
75600    19500.658   7167.117  16597.160  179.16 134.09
76500    20529.496   8642.457  14581.561  178.92 137.87
77400    21474.592   9877.208  12315.237  178.47 140.74
78300    22289.479  10871.305   9843.787  177.34 142.87
79200    22938.323  11632.242   7200.280  169.97 144.38
80100    23382.943  12172.389   4435.056    5.78 145.36
81000    23590.341  12516.812   1595.944    2.30 145.86
81900    23535.575  12693.804  -1270.406    1.47 145.92
82800    23202.436  12734.561  -4111.558    1.10 145.52
83700    22574.899  12683.989  -6889.914    0.89 144.66
84600    21659.493  12570.725  -9548.007    0.76 143.28
85500    20454.513  12446.320 -12047.633    0.68 141.30
86400    18980.762  12340.385 -14345.407    0.69 138.63
